/Users/mayukh/PycharmProjects/CS272/venv/bin/python /Users/mayukh/PycharmProjects/CS272/pa3/mymain_sol.py

CliffWalking-v0

MC: Return: -14.533911690967702, Best Episode: [(36, 0, -1), (24, 0, -1), (12, 1, -1), (13, 0, -1), (1, 1, -1), (2, 1, -1), (3, 1, -1), (4, 1, -1), (5, 1, -1), (6, 1, -1), (7, 1, -1), (8, 1, -1), (9, 1, -1), (10, 2, -1), (22, 1, -1), (23, 2, -1), (35, 2, -1)]
MC: Return: -14.533911690967702, Best Episode: [(36, 0, -1), (24, 0, -1), (12, 1, -1), (13, 0, -1), (1, 1, -1), (2, 1, -1), (3, 1, -1), (4, 1, -1), (5, 1, -1), (6, 1, -1), (7, 1, -1), (8, 1, -1), (9, 1, -1), (10, 1, -1), (11, 2, -1), (23, 2, -1), (35, 2, -1)]
MC: Return: -14.533911690967702, Best Episode: [(36, 0, -1), (24, 0, -1), (12, 0, -1), (0, 1, -1), (1, 1, -1), (2, 1, -1), (3, 1, -1), (4, 1, -1), (5, 1, -1), (6, 1, -1), (7, 1, -1), (8, 1, -1), (9, 1, -1), (10, 1, -1), (11, 2, -1), (23, 2, -1), (35, 2, -1)]
MC: Return: -14.533911690967702, Best Episode: [(36, 0, -1), (24, 0, -1), (12, 1, -1), (13, 0, -1), (1, 1, -1), (2, 1, -1), (3, 1, -1), (4, 1, -1), (5, 1, -1), (6, 1, -1), (7, 1, -1), (8, 1, -1), (9, 1, -1), (10, 1, -1), (11, 2, -1), (23, 2, -1), (35, 2, -1)]
MC: Return: -14.533911690967702, Best Episode: [(36, 0, -1), (24, 0, -1), (12, 0, -1), (0, 1, -1), (1, 1, -1), (2, 1, -1), (3, 1, -1), (4, 1, -1), (5, 1, -1), (6, 1, -1), (7, 1, -1), (8, 1, -1), (9, 1, -1), (10, 1, -1), (11, 2, -1), (23, 2, -1), (35, 2, -1)]

SARSA: Return: -14.533911690967702, Best Episode: [(36, 0, -1), (24, 0, -1), (12, 0, -1), (0, 1, -1), (1, 1, -1), (2, 1, -1), (3, 1, -1), (4, 1, -1), (5, 1, -1), (6, 1, -1), (7, 1, -1), (8, 1, -1), (9, 1, -1), (10, 1, -1), (11, 2, -1), (23, 2, -1), (35, 2, -1)]
SARSA: Return: -13.071544867729804, Best Episode: [(36, 0, -1), (24, 0, -1), (12, 1, -1), (13, 1, -1), (14, 1, -1), (15, 1, -1), (16, 1, -1), (17, 1, -1), (18, 1, -1), (19, 1, -1), (20, 1, -1), (21, 1, -1), (22, 1, -1), (23, 2, -1), (35, 2, -1)]
SARSA: Return: -14.533911690967702, Best Episode: [(36, 0, -1), (24, 0, -1), (12, 0, -1), (0, 1, -1), (1, 1, -1), (2, 1, -1), (3, 1, -1), (4, 1, -1), (5, 1, -1), (6, 1, -1), (7, 1, -1), (8, 1, -1), (9, 1, -1), (10, 1, -1), (11, 2, -1), (23, 2, -1), (35, 2, -1)]
SARSA: Return: -14.533911690967702, Best Episode: [(36, 0, -1), (24, 0, -1), (12, 0, -1), (0, 1, -1), (1, 1, -1), (2, 1, -1), (3, 1, -1), (4, 1, -1), (5, 1, -1), (6, 1, -1), (7, 1, -1), (8, 1, -1), (9, 1, -1), (10, 1, -1), (11, 2, -1), (23, 2, -1), (35, 2, -1)]
SARSA: Return: -14.533911690967702, Best Episode: [(36, 0, -1), (24, 0, -1), (12, 0, -1), (0, 1, -1), (1, 1, -1), (2, 1, -1), (3, 1, -1), (4, 1, -1), (5, 1, -1), (6, 1, -1), (7, 1, -1), (8, 1, -1), (9, 1, -1), (10, 1, -1), (11, 2, -1), (23, 2, -1), (35, 2, -1)]

Q-Learning: Return: -11.548880536994798, Best Episode: [(36, 0, -1), (24, 1, -1), (25, 1, -1), (26, 1, -1), (27, 1, -1), (28, 1, -1), (29, 1, -1), (30, 1, -1), (31, 1, -1), (32, 1, -1), (33, 1, -1), (34, 1, -1), (35, 2, -1)]
Q-Learning: Return: -11.548880536994798, Best Episode: [(36, 0, -1), (24, 1, -1), (25, 1, -1), (26, 1, -1), (27, 1, -1), (28, 1, -1), (29, 1, -1), (30, 1, -1), (31, 1, -1), (32, 1, -1), (33, 1, -1), (34, 1, -1), (35, 2, -1)]
Q-Learning: Return: -11.548880536994798, Best Episode: [(36, 0, -1), (24, 1, -1), (25, 1, -1), (26, 1, -1), (27, 1, -1), (28, 1, -1), (29, 1, -1), (30, 1, -1), (31, 1, -1), (32, 1, -1), (33, 1, -1), (34, 1, -1), (35, 2, -1)]
Q-Learning: Return: -11.548880536994798, Best Episode: [(36, 0, -1), (24, 1, -1), (25, 1, -1), (26, 1, -1), (27, 1, -1), (28, 1, -1), (29, 1, -1), (30, 1, -1), (31, 1, -1), (32, 1, -1), (33, 1, -1), (34, 1, -1), (35, 2, -1)]
Q-Learning: Return: -11.548880536994798, Best Episode: [(36, 0, -1), (24, 1, -1), (25, 1, -1), (26, 1, -1), (27, 1, -1), (28, 1, -1), (29, 1, -1), (30, 1, -1), (31, 1, -1), (32, 1, -1), (33, 1, -1), (34, 1, -1), (35, 2, -1)]

FrozenLake-v1

MC: Return: 0.0, Best Episode: [(0, 2, 0.0), (1, 3, 0.0), (1, 3, 0.0), (2, 0, 0.0), (6, 2, 0.0)]
MC: Return: 0.0, Best Episode: [(0, 3, 0.0), (0, 3, 0.0), (0, 3, 0.0), (1, 3, 0.0), (0, 3, 0.0), (0, 3, 0.0), (1, 3, 0.0), (2, 2, 0.0), (3, 3, 0.0), (3, 3, 0.0), (3, 3, 0.0), (3, 3, 0.0), (2, 2, 0.0), (2, 2, 0.0), (3, 3, 0.0), (3, 3, 0.0), (2, 2, 0.0), (3, 3, 0.0), (3, 3, 0.0), (3, 3, 0.0), (2, 2, 0.0), (3, 3, 0.0), (3, 3, 0.0), (2, 2, 0.0), (2, 2, 0.0), (6, 2, 0.0), (2, 2, 0.0), (2, 2, 0.0), (3, 3, 0.0), (3, 3, 0.0), (3, 3, 0.0), (3, 3, 0.0), (2, 2, 0.0), (2, 2, 0.0), (3, 3, 0.0), (3, 3, 0.0), (3, 3, 0.0), (2, 2, 0.0), (2, 2, 0.0), (3, 3, 0.0), (3, 3, 0.0), (2, 2, 0.0), (6, 2, 0.0), (10, 0, 0.0), (9, 1, 0.0), (8, 3, 0.0), (8, 3, 0.0), (4, 2, 0.0)]
MC: Return: 0.0, Best Episode: [(0, 1, 0.0), (0, 1, 0.0), (4, 0, 0.0), (8, 2, 0.0)]
MC: Return: 0.0, Best Episode: [(0, 2, 0.0), (1, 3, 0.0), (0, 2, 0.0), (4, 0, 0.0), (0, 2, 0.0), (1, 3, 0.0), (0, 2, 0.0), (1, 3, 0.0), (2, 2, 0.0), (6, 0, 0.0), (2, 2, 0.0), (3, 3, 0.0), (3, 3, 0.0), (3, 3, 0.0), (3, 3, 0.0), (3, 3, 0.0), (3, 3, 0.0), (3, 3, 0.0), (3, 3, 0.0), (2, 2, 0.0), (6, 0, 0.0)]
MC: Return: 0.3497485607556669, Best Episode: [(0, 3, 0.0), (0, 3, 0.0), (0, 3, 0.0), (0, 3, 0.0), (0, 3, 0.0), (0, 3, 0.0), (1, 3, 0.0), (1, 3, 0.0), (0, 3, 0.0), (0, 3, 0.0), (0, 3, 0.0), (1, 3, 0.0), (0, 3, 0.0), (0, 3, 0.0), (1, 3, 0.0), (0, 3, 0.0), (1, 3, 0.0), (2, 0, 0.0), (2, 0, 0.0), (2, 0, 0.0), (2, 0, 0.0), (2, 0, 0.0), (1, 3, 0.0), (0, 3, 0.0), (0, 3, 0.0), (0, 3, 0.0), (0, 3, 0.0), (0, 3, 0.0), (0, 3, 0.0), (1, 3, 0.0), (2, 0, 0.0), (2, 0, 0.0), (6, 0, 0.0), (2, 0, 0.0), (6, 0, 0.0), (2, 0, 0.0), (1, 3, 0.0), (0, 3, 0.0), (1, 3, 0.0), (0, 3, 0.0), (1, 3, 0.0), (0, 3, 0.0), (0, 3, 0.0), (1, 3, 0.0), (1, 3, 0.0), (2, 0, 0.0), (1, 3, 0.0), (1, 3, 0.0), (2, 0, 0.0), (2, 0, 0.0), (6, 0, 0.0), (10, 1, 0.0), (14, 1, 1.0)]

SARSA: Return: 0.21106092070697655, Best Episode: [(0, 0, 0.0), (0, 0, 0.0), (4, 0, 0.0), (8, 3, 0.0), (8, 3, 0.0), (9, 1, 0.0), (8, 3, 0.0), (9, 1, 0.0), (8, 3, 0.0), (4, 0, 0.0), (4, 0, 0.0), (0, 0, 0.0), (0, 0, 0.0), (0, 0, 0.0), (0, 0, 0.0), (4, 0, 0.0), (4, 0, 0.0), (4, 0, 0.0), (0, 0, 0.0), (0, 0, 0.0), (0, 0, 0.0), (0, 0, 0.0), (4, 0, 0.0), (4, 0, 0.0), (0, 0, 0.0), (4, 0, 0.0), (8, 3, 0.0), (4, 0, 0.0), (4, 0, 0.0), (8, 3, 0.0), (4, 0, 0.0), (4, 0, 0.0), (4, 0, 0.0), (4, 0, 0.0), (4, 0, 0.0), (8, 3, 0.0), (4, 0, 0.0), (0, 0, 0.0), (0, 0, 0.0), (4, 0, 0.0), (0, 0, 0.0), (0, 0, 0.0), (0, 0, 0.0), (4, 0, 0.0), (0, 0, 0.0), (0, 0, 0.0), (4, 0, 0.0), (8, 3, 0.0), (4, 0, 0.0), (0, 0, 0.0), (0, 0, 0.0), (0, 0, 0.0), (0, 0, 0.0), (0, 0, 0.0), (4, 0, 0.0), (0, 0, 0.0), (4, 0, 0.0), (4, 0, 0.0), (0, 0, 0.0), (4, 0, 0.0), (4, 0, 0.0), (4, 0, 0.0), (8, 3, 0.0), (4, 0, 0.0), (4, 0, 0.0), (4, 0, 0.0), (8, 3, 0.0), (8, 3, 0.0), (9, 1, 0.0), (13, 2, 0.0), (14, 1, 0.0), (13, 2, 0.0), (13, 2, 0.0), (13, 2, 0.0), (13, 2, 0.0), (13, 2, 0.0), (14, 1, 0.0), (14, 1, 1.0)]
SARSA: Return: 0.0, Best Episode: [(0, 0, 0.0), (0, 0, 0.0), (4, 0, 0.0), (4, 0, 0.0), (0, 0, 0.0), (4, 0, 0.0), (0, 0, 0.0), (0, 0, 0.0), (0, 0, 0.0), (4, 0, 0.0), (4, 0, 0.0), (4, 0, 0.0), (4, 0, 0.0), (4, 0, 0.0), (0, 0, 0.0), (0, 0, 0.0), (0, 0, 0.0), (4, 0, 0.0), (8, 3, 0.0), (8, 3, 0.0), (4, 0, 0.0), (8, 3, 0.0), (4, 0, 0.0), (0, 0, 0.0), (0, 0, 0.0), (4, 0, 0.0), (0, 0, 0.0), (0, 0, 0.0), (0, 0, 0.0), (0, 0, 0.0), (4, 0, 0.0), (0, 0, 0.0), (0, 0, 0.0), (0, 0, 0.0), (0, 0, 0.0), (0, 0, 0.0), (4, 0, 0.0), (0, 0, 0.0), (0, 0, 0.0), (4, 0, 0.0), (8, 3, 0.0), (8, 3, 0.0), (8, 3, 0.0), (4, 0, 0.0), (4, 0, 0.0), (8, 3, 0.0), (8, 3, 0.0), (4, 0, 0.0), (0, 0, 0.0), (0, 0, 0.0), (0, 0, 0.0), (0, 0, 0.0), (0, 0, 0.0), (4, 0, 0.0), (8, 3, 0.0), (9, 1, 0.0), (8, 3, 0.0), (9, 1, 0.0), (13, 2, 0.0), (9, 1, 0.0), (10, 0, 0.0), (6, 2, 0.0)]
SARSA: Return: 0.5679761759500592, Best Episode: [(0, 0, 0.0), (0, 0, 0.0), (0, 0, 0.0), (0, 0, 0.0), (0, 0, 0.0), (0, 0, 0.0), (4, 0, 0.0), (0, 0, 0.0), (0, 0, 0.0), (0, 0, 0.0), (0, 0, 0.0), (0, 0, 0.0), (4, 0, 0.0), (4, 0, 0.0), (4, 0, 0.0), (0, 0, 0.0), (4, 0, 0.0), (0, 0, 0.0), (0, 0, 0.0), (0, 0, 0.0), (0, 0, 0.0), (0, 0, 0.0), (0, 0, 0.0), (0, 0, 0.0), (4, 0, 0.0), (8, 3, 0.0), (9, 1, 0.0), (10, 0, 0.0), (14, 1, 1.0)]
SARSA: Return: 0.19467587308039982, Best Episode: [(0, 0, 0.0), (0, 0, 0.0), (4, 0, 0.0), (0, 0, 0.0), (0, 0, 0.0), (0, 0, 0.0), (4, 0, 0.0), (4, 0, 0.0), (8, 3, 0.0), (4, 0, 0.0), (0, 0, 0.0), (4, 0, 0.0), (8, 3, 0.0), (8, 3, 0.0), (9, 1, 0.0), (13, 2, 0.0), (13, 2, 0.0), (14, 1, 0.0), (13, 2, 0.0), (9, 1, 0.0), (8, 3, 0.0), (4, 0, 0.0), (8, 3, 0.0), (8, 3, 0.0), (8, 3, 0.0), (9, 1, 0.0), (13, 2, 0.0), (13, 2, 0.0), (9, 1, 0.0), (8, 3, 0.0), (8, 3, 0.0), (8, 3, 0.0), (4, 0, 0.0), (4, 0, 0.0), (8, 3, 0.0), (8, 3, 0.0), (4, 0, 0.0), (0, 0, 0.0), (0, 0, 0.0), (0, 0, 0.0), (4, 0, 0.0), (4, 0, 0.0), (4, 0, 0.0), (4, 0, 0.0), (0, 0, 0.0), (4, 0, 0.0), (8, 3, 0.0), (8, 3, 0.0), (4, 0, 0.0), (0, 0, 0.0), (0, 0, 0.0), (0, 0, 0.0), (0, 0, 0.0), (4, 0, 0.0), (4, 0, 0.0), (0, 0, 0.0), (4, 0, 0.0), (8, 3, 0.0), (4, 0, 0.0), (4, 0, 0.0), (4, 0, 0.0), (4, 0, 0.0), (4, 0, 0.0), (8, 3, 0.0), (8, 3, 0.0), (9, 1, 0.0), (10, 0, 0.0), (14, 1, 0.0), (13, 2, 0.0), (13, 2, 0.0), (9, 1, 0.0), (13, 2, 0.0), (14, 1, 0.0), (13, 2, 0.0), (14, 1, 0.0), (13, 2, 0.0), (13, 2, 0.0), (13, 2, 0.0), (9, 1, 0.0), (13, 2, 0.0), (14, 1, 0.0), (14, 1, 1.0)]
SARSA: Return: 0.0, Best Episode: [(0, 0, 0.0), (4, 0, 0.0), (4, 0, 0.0), (4, 0, 0.0), (0, 0, 0.0), (0, 0, 0.0), (4, 0, 0.0), (0, 0, 0.0), (0, 0, 0.0), (4, 0, 0.0), (0, 0, 0.0), (0, 0, 0.0), (0, 0, 0.0), (0, 0, 0.0), (0, 0, 0.0), (0, 0, 0.0), (4, 0, 0.0), (8, 3, 0.0), (8, 3, 0.0), (8, 3, 0.0), (4, 0, 0.0), (4, 0, 0.0), (8, 3, 0.0), (9, 1, 0.0), (8, 3, 0.0), (9, 1, 0.0), (10, 0, 0.0), (9, 1, 0.0), (8, 3, 0.0), (9, 1, 0.0), (13, 2, 0.0), (13, 2, 0.0), (9, 1, 0.0), (10, 0, 0.0), (6, 0, 0.0), (2, 0, 0.0), (6, 0, 0.0)]

Q-Learning: Return: 0.3291805473947476, Best Episode: [(0, 0, 0.0), (0, 0, 0.0), (4, 0, 0.0), (0, 0, 0.0), (0, 0, 0.0), (0, 0, 0.0), (0, 0, 0.0), (4, 0, 0.0), (4, 0, 0.0), (0, 0, 0.0), (4, 0, 0.0), (0, 0, 0.0), (0, 0, 0.0), (4, 0, 0.0), (4, 0, 0.0), (4, 0, 0.0), (0, 0, 0.0), (0, 0, 0.0), (0, 0, 0.0), (4, 0, 0.0), (4, 0, 0.0), (0, 0, 0.0), (4, 0, 0.0), (4, 0, 0.0), (4, 0, 0.0), (8, 3, 0.0), (8, 3, 0.0), (8, 3, 0.0), (4, 0, 0.0), (8, 3, 0.0), (4, 0, 0.0), (8, 3, 0.0), (4, 0, 0.0), (0, 0, 0.0), (0, 0, 0.0), (4, 0, 0.0), (4, 0, 0.0), (4, 0, 0.0), (4, 0, 0.0), (8, 3, 0.0), (8, 3, 0.0), (8, 3, 0.0), (4, 0, 0.0), (0, 0, 0.0), (0, 0, 0.0), (0, 0, 0.0), (0, 0, 0.0), (0, 0, 0.0), (4, 0, 0.0), (4, 0, 0.0), (8, 3, 0.0), (9, 1, 0.0), (13, 2, 0.0), (9, 1, 0.0), (10, 0, 0.0), (14, 1, 1.0)]
Q-Learning: Return: 0.7690223892601038, Best Episode: [(0, 0, 0.0), (0, 0, 0.0), (0, 0, 0.0), (0, 0, 0.0), (4, 0, 0.0), (0, 0, 0.0), (4, 0, 0.0), (8, 3, 0.0), (9, 1, 0.0), (13, 2, 0.0), (14, 1, 0.0), (13, 2, 0.0), (13, 2, 0.0), (14, 1, 1.0)]
Q-Learning: Return: 0.1409059531899474, Best Episode: [(0, 0, 0.0), (0, 0, 0.0), (0, 0, 0.0), (0, 0, 0.0), (4, 0, 0.0), (4, 0, 0.0), (4, 0, 0.0), (0, 0, 0.0), (4, 0, 0.0), (0, 0, 0.0), (0, 0, 0.0), (4, 0, 0.0), (4, 0, 0.0), (0, 0, 0.0), (0, 0, 0.0), (0, 0, 0.0), (0, 0, 0.0), (4, 0, 0.0), (0, 0, 0.0), (4, 0, 0.0), (0, 0, 0.0), (4, 0, 0.0), (4, 0, 0.0), (0, 0, 0.0), (4, 0, 0.0), (4, 0, 0.0), (8, 3, 0.0), (9, 1, 0.0), (8, 3, 0.0), (8, 3, 0.0), (4, 0, 0.0), (4, 0, 0.0), (8, 3, 0.0), (4, 0, 0.0), (0, 0, 0.0), (0, 0, 0.0), (0, 0, 0.0), (0, 0, 0.0), (0, 0, 0.0), (0, 0, 0.0), (4, 0, 0.0), (4, 0, 0.0), (0, 0, 0.0), (0, 0, 0.0), (4, 0, 0.0), (8, 3, 0.0), (8, 3, 0.0), (4, 0, 0.0), (4, 0, 0.0), (8, 3, 0.0), (8, 3, 0.0), (8, 3, 0.0), (8, 3, 0.0), (9, 1, 0.0), (8, 3, 0.0), (4, 0, 0.0), (0, 0, 0.0), (4, 0, 0.0), (4, 0, 0.0), (4, 0, 0.0), (0, 0, 0.0), (0, 0, 0.0), (0, 0, 0.0), (0, 0, 0.0), (4, 0, 0.0), (8, 3, 0.0), (8, 3, 0.0), (4, 0, 0.0), (4, 0, 0.0), (4, 0, 0.0), (4, 0, 0.0), (0, 0, 0.0), (0, 0, 0.0), (0, 0, 0.0), (0, 0, 0.0), (4, 0, 0.0), (0, 0, 0.0), (0, 0, 0.0), (0, 0, 0.0), (0, 0, 0.0), (0, 0, 0.0), (4, 0, 0.0), (4, 0, 0.0), (0, 0, 0.0), (0, 0, 0.0), (0, 0, 0.0), (4, 0, 0.0), (4, 0, 0.0), (8, 3, 0.0), (8, 3, 0.0), (4, 0, 0.0), (8, 3, 0.0), (9, 1, 0.0), (8, 3, 0.0), (9, 1, 0.0), (10, 0, 0.0), (14, 1, 0.0), (14, 1, 1.0)]
Q-Learning: Return: 0.3716017143746089, Best Episode: [(0, 0, 0.0), (0, 0, 0.0), (0, 0, 0.0), (0, 0, 0.0), (4, 0, 0.0), (0, 0, 0.0), (0, 0, 0.0), (0, 0, 0.0), (4, 0, 0.0), (0, 0, 0.0), (0, 0, 0.0), (4, 0, 0.0), (8, 3, 0.0), (4, 0, 0.0), (4, 0, 0.0), (4, 0, 0.0), (8, 3, 0.0), (9, 1, 0.0), (8, 3, 0.0), (8, 3, 0.0), (4, 0, 0.0), (0, 0, 0.0), (0, 0, 0.0), (4, 0, 0.0), (4, 0, 0.0), (0, 0, 0.0), (4, 0, 0.0), (8, 3, 0.0), (9, 1, 0.0), (10, 0, 0.0), (6, 2, 0.0), (2, 1, 0.0), (6, 2, 0.0), (10, 0, 0.0), (9, 1, 0.0), (10, 0, 0.0), (9, 1, 0.0), (13, 2, 0.0), (13, 2, 0.0), (13, 2, 0.0), (9, 1, 0.0), (10, 0, 0.0), (9, 1, 0.0), (8, 3, 0.0), (8, 3, 0.0), (9, 1, 0.0), (13, 2, 0.0), (14, 1, 0.0), (13, 2, 0.0), (14, 1, 1.0)]
Q-Learning: Return: 0.0, Best Episode: [(0, 0, 0.0), (0, 0, 0.0), (0, 0, 0.0), (0, 0, 0.0), (0, 0, 0.0), (0, 0, 0.0), (4, 0, 0.0), (8, 3, 0.0), (8, 3, 0.0), (8, 3, 0.0), (4, 0, 0.0), (4, 0, 0.0), (0, 0, 0.0), (4, 0, 0.0), (8, 3, 0.0), (4, 0, 0.0), (4, 0, 0.0), (0, 0, 0.0), (0, 0, 0.0), (4, 0, 0.0), (0, 0, 0.0), (0, 0, 0.0), (4, 0, 0.0), (8, 3, 0.0), (8, 3, 0.0), (8, 3, 0.0), (9, 1, 0.0), (8, 3, 0.0), (4, 0, 0.0), (0, 0, 0.0), (4, 0, 0.0), (0, 0, 0.0), (4, 0, 0.0), (4, 0, 0.0), (4, 0, 0.0), (8, 3, 0.0), (9, 1, 0.0), (8, 3, 0.0), (9, 1, 0.0), (13, 2, 0.0), (13, 2, 0.0), (9, 1, 0.0), (10, 0, 0.0), (14, 1, 0.0), (13, 2, 0.0), (13, 2, 0.0), (14, 1, 0.0), (13, 2, 0.0), (14, 1, 0.0), (13, 2, 0.0), (14, 1, 0.0), (14, 1, 0.0), (14, 1, 0.0), (13, 2, 0.0), (9, 1, 0.0), (10, 0, 0.0), (6, 0, 0.0)]

Taxi-v3

MC: Return: -43.36902220526232, Best Episode: [(311, 0, -1), (411, 2, -1), (411, 2, -1), (411, 2, -1), (411, 2, -1), (411, 2, -1), (411, 2, -1), (411, 2, -1), (411, 2, -1), (411, 2, -1), (411, 2, -1), (411, 2, -1), (411, 2, -1), (411, 2, -1), (411, 2, -1), (411, 2, -1), (411, 2, -1), (411, 2, -1), (411, 2, -1), (411, 2, -1), (411, 2, -1), (411, 2, -1), (411, 2, -1), (411, 2, -1), (411, 2, -1), (411, 2, -1), (411, 2, -1), (411, 2, -1), (411, 2, -1), (411, 2, -1), (411, 2, -1), (411, 2, -1), (411, 2, -1), (411, 2, -1), (411, 2, -1), (411, 2, -1), (411, 2, -1), (411, 2, -1), (411, 2, -1), (411, 2, -1), (411, 2, -1), (411, 2, -1), (411, 2, -1), (411, 2, -1), (411, 2, -1), (411, 2, -1), (411, 2, -1), (411, 2, -1), (411, 2, -1), (411, 2, -1), (411, 2, -1), (411, 2, -1), (411, 2, -1), (411, 2, -1), (411, 2, -1), (411, 2, -1), (411, 2, -1), (411, 2, -1), (411, 2, -1), (411, 2, -1), (411, 2, -1), (411, 2, -1), (411, 2, -1), (411, 2, -1), (411, 2, -1), (411, 2, -1), (411, 2, -1), (411, 2, -1), (411, 2, -1), (411, 2, -1), (411, 2, -1), (411, 2, -1), (411, 2, -1), (411, 2, -1), (411, 2, -1), (411, 2, -1), (411, 2, -1), (411, 2, -1), (411, 2, -1), (411, 2, -1), (411, 2, -1), (411, 2, -1), (411, 2, -1), (411, 2, -1), (411, 2, -1), (411, 2, -1), (411, 2, -1), (411, 2, -1), (411, 2, -1), (411, 2, -1), (411, 2, -1), (411, 2, -1), (411, 2, -1), (411, 2, -1), (411, 2, -1), (411, 2, -1), (411, 2, -1), (411, 2, -1), (411, 2, -1), (411, 2, -1)]
MC: Return: 7.19509648212828, Best Episode: [(247, 1, -1), (147, 2, -1), (167, 1, -1), (67, 2, -1), (87, 4, -1), (99, 0, -1), (199, 0, -1), (299, 0, -1), (399, 3, -1), (379, 0, -1), (479, 5, 20)]
MC: Return: 6.051194552485715, Best Episode: [(362, 1, -1), (262, 3, -1), (242, 3, -1), (222, 1, -1), (122, 1, -1), (22, 3, -1), (2, 4, -1), (18, 0, -1), (118, 0, -1), (218, 0, -1), (318, 0, -1), (418, 5, 20)]
MC: Return: -2.3137163032075385, Best Episode: [(191, 3, -1), (171, 3, -1), (151, 0, -1), (251, 0, -1), (351, 3, -1), (331, 1, -1), (231, 1, -1), (131, 3, -1), (111, 0, -1), (211, 0, -1), (311, 0, -1), (411, 4, -1), (419, 1, -1), (319, 1, -1), (219, 2, -1), (239, 2, -1), (259, 2, -1), (279, 0, -1), (379, 0, -1), (479, 5, 20)]
MC: Return: -2.3137163032075385, Best Episode: [(454, 1, -1), (354, 1, -1), (254, 2, -1), (274, 1, -1), (174, 1, -1), (74, 2, -1), (94, 0, -1), (194, 0, -1), (294, 0, -1), (394, 0, -1), (494, 3, -1), (474, 4, -1), (478, 1, -1), (378, 1, -1), (278, 3, -1), (258, 3, -1), (238, 3, -1), (218, 0, -1), (318, 0, -1), (418, 5, 20)]

SARSA: Return: 1.6998371851782714, Best Episode: [(191, 0, -1), (291, 3, -1), (271, 3, -1), (251, 3, -1), (231, 3, -1), (211, 0, -1), (311, 0, -1), (411, 4, -1), (419, 1, -1), (319, 1, -1), (219, 2, -1), (239, 2, -1), (259, 2, -1), (279, 0, -1), (379, 0, -1), (479, 5, 20)]
SARSA: Return: 2.7549359032431315, Best Episode: [(451, 1, -1), (351, 3, -1), (331, 1, -1), (231, 3, -1), (211, 0, -1), (311, 0, -1), (411, 4, -1), (419, 1, -1), (319, 1, -1), (219, 2, -1), (239, 2, -1), (259, 2, -1), (279, 0, -1), (379, 0, -1), (479, 5, 20)]
SARSA: Return: 0.665840441474705, Best Episode: [(491, 1, -1), (391, 3, -1), (371, 1, -1), (271, 3, -1), (251, 3, -1), (231, 3, -1), (211, 0, -1), (311, 0, -1), (411, 4, -1), (419, 1, -1), (319, 1, -1), (219, 2, -1), (239, 2, -1), (259, 2, -1), (279, 0, -1), (379, 0, -1), (479, 5, 20)]
SARSA: Return: 3.8315672482072785, Best Episode: [(241, 3, -1), (221, 3, -1), (201, 1, -1), (101, 1, -1), (1, 4, -1), (17, 2, -1), (37, 0, -1), (137, 0, -1), (237, 2, -1), (257, 2, -1), (277, 2, -1), (297, 1, -1), (197, 1, -1), (97, 5, 20)]
SARSA: Return: -43.36902220526232, Best Episode: [(434, 1, -1), (334, 3, -1), (334, 3, -1), (334, 3, -1), (334, 3, -1), (334, 3, -1), (334, 3, -1), (334, 3, -1), (334, 3, -1), (334, 3, -1), (334, 3, -1), (334, 3, -1), (334, 3, -1), (334, 3, -1), (334, 3, -1), (334, 3, -1), (334, 3, -1), (334, 3, -1), (334, 3, -1), (334, 3, -1), (334, 3, -1), (334, 3, -1), (334, 3, -1), (334, 3, -1), (334, 3, -1), (334, 3, -1), (334, 3, -1), (334, 3, -1), (334, 3, -1), (334, 3, -1), (334, 3, -1), (334, 3, -1), (334, 3, -1), (334, 3, -1), (334, 3, -1), (334, 3, -1), (334, 3, -1), (334, 3, -1), (334, 3, -1), (334, 3, -1), (334, 3, -1), (334, 3, -1), (334, 3, -1), (334, 3, -1), (334, 3, -1), (334, 3, -1), (334, 3, -1), (334, 3, -1), (334, 3, -1), (334, 3, -1), (334, 3, -1), (334, 3, -1), (334, 3, -1), (334, 3, -1), (334, 3, -1), (334, 3, -1), (334, 3, -1), (334, 3, -1), (334, 3, -1), (334, 3, -1), (334, 3, -1), (334, 3, -1), (334, 3, -1), (334, 3, -1), (334, 3, -1), (334, 3, -1), (334, 3, -1), (334, 3, -1), (334, 3, -1), (334, 3, -1), (334, 3, -1), (334, 3, -1), (334, 3, -1), (334, 3, -1), (334, 3, -1), (334, 3, -1), (334, 3, -1), (334, 3, -1), (334, 3, -1), (334, 3, -1), (334, 3, -1), (334, 3, -1), (334, 3, -1), (334, 3, -1), (334, 3, -1), (334, 3, -1), (334, 3, -1), (334, 3, -1), (334, 3, -1), (334, 3, -1), (334, 3, -1), (334, 3, -1), (334, 3, -1), (334, 3, -1), (334, 3, -1), (334, 3, -1), (334, 3, -1), (334, 3, -1), (334, 3, -1), (334, 3, -1)]

Q-Learning: Return: 0.665840441474705, Best Episode: [(106, 2, -1), (126, 0, -1), (226, 2, -1), (246, 2, -1), (266, 1, -1), (166, 2, -1), (186, 1, -1), (86, 4, -1), (98, 3, -1), (78, 0, -1), (178, 0, -1), (278, 3, -1), (258, 3, -1), (238, 3, -1), (218, 0, -1), (318, 0, -1), (418, 5, 20)]
Q-Learning: Return: 8.362343349110489, Best Episode: [(492, 3, -1), (472, 4, -1), (476, 1, -1), (376, 1, -1), (276, 3, -1), (256, 3, -1), (236, 3, -1), (216, 1, -1), (116, 1, -1), (16, 5, 20)]
Q-Learning: Return: 1.6998371851782714, Best Episode: [(463, 1, -1), (363, 1, -1), (263, 3, -1), (243, 3, -1), (223, 1, -1), (123, 3, -1), (103, 1, -1), (3, 4, -1), (19, 0, -1), (119, 0, -1), (219, 2, -1), (239, 2, -1), (259, 2, -1), (279, 0, -1), (379, 0, -1), (479, 5, 20)]
Q-Learning: Return: -0.3474763673547887, Best Episode: [(406, 1, -1), (306, 1, -1), (206, 2, -1), (226, 2, -1), (246, 1, -1), (146, 2, -1), (166, 2, -1), (186, 1, -1), (86, 4, -1), (98, 3, -1), (78, 0, -1), (178, 0, -1), (278, 3, -1), (258, 3, -1), (238, 3, -1), (218, 0, -1), (318, 0, -1), (418, 5, 20)]
Q-Learning: Return: 10.768787327270399, Best Episode: [(373, 0, -1), (473, 4, -1), (477, 1, -1), (377, 1, -1), (277, 2, -1), (297, 1, -1), (197, 1, -1), (97, 5, 20)]
