CliffWalking-v0

MC: Return: -14.533911690967702, Best Episode: [(36, 0, -1), (24, 0, -1), (12, 1, -1), (13, 0, -1), (1, 1, -1), (2, 1, -1), (3, 1, -1), (4, 1, -1), (5, 1, -1), (6, 1, -1), (7, 1, -1), (8, 1, -1), (9, 1, -1), (10, 2, -1), (22, 1, -1), (23, 2, -1), (35, 2, -1)]
MC: Return: -15.93836878800538, Best Episode: [(36, 0, -1), (24, 0, -1), (12, 0, -1), (0, 1, -1), (1, 1, -1), (2, 2, -1), (14, 1, -1), (15, 1, -1), (16, 0, -1), (4, 1, -1), (5, 1, -1), (6, 1, -1), (7, 2, -1), (19, 1, -1), (20, 1, -1), (21, 1, -1), (22, 1, -1), (23, 2, -1), (35, 2, -1)]
MC: Return: -14.533911690967702, Best Episode: [(36, 0, -1), (24, 0, -1), (12, 1, -1), (13, 0, -1), (1, 1, -1), (2, 1, -1), (3, 1, -1), (4, 1, -1), (5, 1, -1), (6, 1, -1), (7, 1, -1), (8, 1, -1), (9, 2, -1), (21, 1, -1), (22, 1, -1), (23, 2, -1), (35, 2, -1)]
MC: Return: -14.533911690967702, Best Episode: [(36, 0, -1), (24, 0, -1), (12, 1, -1), (13, 1, -1), (14, 1, -1), (15, 1, -1), (16, 0, -1), (4, 1, -1), (5, 1, -1), (6, 1, -1), (7, 1, -1), (8, 1, -1), (9, 1, -1), (10, 2, -1), (22, 1, -1), (23, 2, -1), (35, 2, -1)]
MC: Return: -14.533911690967702, Best Episode: [(36, 0, -1), (24, 0, -1), (12, 1, -1), (13, 1, -1), (14, 0, -1), (2, 1, -1), (3, 1, -1), (4, 1, -1), (5, 1, -1), (6, 1, -1), (7, 1, -1), (8, 1, -1), (9, 1, -1), (10, 1, -1), (11, 2, -1), (23, 2, -1), (35, 2, -1)]

SARSA: Return: -13.071544867729804, Best Episode: [(36, 0, -1), (24, 0, -1), (12, 1, -1), (13, 1, -1), (14, 1, -1), (15, 1, -1), (16, 1, -1), (17, 1, -1), (18, 1, -1), (19, 1, -1), (20, 1, -1), (21, 1, -1), (22, 1, -1), (23, 2, -1), (35, 2, -1)]
SARSA: Return: -13.071544867729804, Best Episode: [(36, 0, -1), (24, 0, -1), (12, 1, -1), (13, 1, -1), (14, 1, -1), (15, 1, -1), (16, 1, -1), (17, 1, -1), (18, 1, -1), (19, 1, -1), (20, 1, -1), (21, 1, -1), (22, 1, -1), (23, 2, -1), (35, 2, -1)]
SARSA: Return: -13.071544867729804, Best Episode: [(36, 0, -1), (24, 0, -1), (12, 1, -1), (13, 1, -1), (14, 1, -1), (15, 1, -1), (16, 1, -1), (17, 1, -1), (18, 1, -1), (19, 1, -1), (20, 1, -1), (21, 1, -1), (22, 1, -1), (23, 2, -1), (35, 2, -1)]
SARSA: Return: -13.071544867729804, Best Episode: [(36, 0, -1), (24, 0, -1), (12, 1, -1), (13, 1, -1), (14, 1, -1), (15, 1, -1), (16, 1, -1), (17, 1, -1), (18, 1, -1), (19, 1, -1), (20, 1, -1), (21, 1, -1), (22, 1, -1), (23, 2, -1), (35, 2, -1)]
SARSA: Return: -14.533911690967702, Best Episode: [(36, 0, -1), (24, 0, -1), (12, 0, -1), (0, 1, -1), (1, 1, -1), (2, 1, -1), (3, 1, -1), (4, 1, -1), (5, 1, -1), (6, 1, -1), (7, 1, -1), (8, 1, -1), (9, 1, -1), (10, 1, -1), (11, 2, -1), (23, 2, -1), (35, 2, -1)]

Q-Learning: Return: -11.548880536994798, Best Episode: [(36, 0, -1), (24, 1, -1), (25, 1, -1), (26, 1, -1), (27, 1, -1), (28, 1, -1), (29, 1, -1), (30, 1, -1), (31, 1, -1), (32, 1, -1), (33, 1, -1), (34, 1, -1), (35, 2, -1)]
Q-Learning: Return: -11.548880536994798, Best Episode: [(36, 0, -1), (24, 1, -1), (25, 1, -1), (26, 1, -1), (27, 1, -1), (28, 1, -1), (29, 1, -1), (30, 1, -1), (31, 1, -1), (32, 1, -1), (33, 1, -1), (34, 1, -1), (35, 2, -1)]
Q-Learning: Return: -11.548880536994798, Best Episode: [(36, 0, -1), (24, 1, -1), (25, 1, -1), (26, 1, -1), (27, 1, -1), (28, 1, -1), (29, 1, -1), (30, 1, -1), (31, 1, -1), (32, 1, -1), (33, 1, -1), (34, 1, -1), (35, 2, -1)]
Q-Learning: Return: -11.548880536994798, Best Episode: [(36, 0, -1), (24, 1, -1), (25, 1, -1), (26, 1, -1), (27, 1, -1), (28, 1, -1), (29, 1, -1), (30, 1, -1), (31, 1, -1), (32, 1, -1), (33, 1, -1), (34, 1, -1), (35, 2, -1)]
Q-Learning: Return: -11.548880536994798, Best Episode: [(36, 0, -1), (24, 1, -1), (25, 1, -1), (26, 1, -1), (27, 1, -1), (28, 1, -1), (29, 1, -1), (30, 1, -1), (31, 1, -1), (32, 1, -1), (33, 1, -1), (34, 1, -1), (35, 2, -1)]

FrozenLake-v1

MC: Return: 0.0, Best Episode: [(0, 3, 0.0), (0, 3, 0.0), (0, 3, 0.0), (1, 3, 0.0), (0, 3, 0.0), (1, 3, 0.0), (1, 3, 0.0), (1, 3, 0.0), (2, 2, 0.0), (6, 2, 0.0), (2, 2, 0.0), (3, 3, 0.0), (3, 3, 0.0), (3, 3, 0.0), (3, 3, 0.0), (3, 3, 0.0), (3, 3, 0.0), (2, 2, 0.0), (3, 3, 0.0), (3, 3, 0.0), (3, 3, 0.0), (3, 3, 0.0), (3, 3, 0.0), (3, 3, 0.0), (2, 2, 0.0), (3, 3, 0.0), (3, 3, 0.0), (3, 3, 0.0), (3, 3, 0.0), (3, 3, 0.0), (3, 3, 0.0), (3, 3, 0.0), (3, 3, 0.0), (3, 3, 0.0), (3, 3, 0.0), (3, 3, 0.0), (3, 3, 0.0), (3, 3, 0.0), (3, 3, 0.0), (2, 2, 0.0), (2, 2, 0.0), (2, 2, 0.0), (3, 3, 0.0), (2, 2, 0.0), (6, 2, 0.0)]
MC: Return: 0.0, Best Episode: [(0, 1, 0.0), (0, 1, 0.0), (4, 1, 0.0)]
MC: Return: 0.0, Best Episode: [(0, 3, 0.0), (0, 3, 0.0), (0, 3, 0.0), (0, 3, 0.0), (0, 3, 0.0), (0, 3, 0.0), (0, 3, 0.0), (1, 3, 0.0), (1, 3, 0.0), (0, 3, 0.0), (1, 3, 0.0), (2, 0, 0.0), (2, 0, 0.0), (6, 2, 0.0), (10, 0, 0.0), (6, 2, 0.0), (2, 0, 0.0), (6, 2, 0.0), (2, 0, 0.0), (2, 0, 0.0), (1, 3, 0.0), (2, 0, 0.0), (2, 0, 0.0), (6, 2, 0.0), (2, 0, 0.0), (6, 2, 0.0), (2, 0, 0.0), (2, 0, 0.0), (1, 3, 0.0), (1, 3, 0.0), (1, 3, 0.0), (0, 3, 0.0), (0, 3, 0.0), (0, 3, 0.0), (0, 3, 0.0), (0, 3, 0.0), (1, 3, 0.0), (2, 0, 0.0), (1, 3, 0.0), (2, 0, 0.0), (2, 0, 0.0), (6, 2, 0.0)]
MC: Return: 0.5795675264796523, Best Episode: [(0, 0, 0.0), (0, 0, 0.0), (4, 0, 0.0), (0, 0, 0.0), (0, 0, 0.0), (0, 0, 0.0), (0, 0, 0.0), (4, 0, 0.0), (4, 0, 0.0), (8, 3, 0.0), (9, 1, 0.0), (8, 3, 0.0), (4, 0, 0.0), (4, 0, 0.0), (8, 3, 0.0), (4, 0, 0.0), (8, 3, 0.0), (4, 0, 0.0), (8, 3, 0.0), (9, 1, 0.0), (13, 2, 0.0), (9, 1, 0.0), (10, 1, 0.0), (14, 1, 0.0), (13, 2, 0.0), (14, 1, 0.0), (13, 2, 0.0), (14, 1, 1.0)]
MC: Return: 0.6542558123199923, Best Episode: [(0, 2, 0.0), (4, 0, 0.0), (8, 3, 0.0), (8, 3, 0.0), (8, 3, 0.0), (4, 0, 0.0), (0, 2, 0.0), (0, 2, 0.0), (1, 3, 0.0), (0, 2, 0.0), (0, 2, 0.0), (0, 2, 0.0), (0, 2, 0.0), (1, 3, 0.0), (2, 0, 0.0), (6, 2, 0.0), (10, 0, 0.0), (14, 2, 0.0), (10, 0, 0.0), (6, 2, 0.0), (10, 0, 0.0), (14, 2, 1.0)]

SARSA: Return: 0.0, Best Episode: [(0, 2, 0.0), (0, 2, 0.0), (4, 0, 0.0), (0, 2, 0.0), (4, 0, 0.0), (4, 0, 0.0), (8, 3, 0.0), (4, 0, 0.0), (4, 0, 0.0), (0, 2, 0.0), (0, 2, 0.0), (0, 2, 0.0), (4, 0, 0.0), (0, 2, 0.0), (0, 2, 0.0), (4, 0, 0.0), (8, 3, 0.0), (9, 2, 0.0), (10, 0, 0.0), (6, 2, 0.0), (2, 0, 0.0), (1, 3, 0.0), (1, 3, 0.0), (2, 0, 0.0), (1, 3, 0.0), (2, 0, 0.0), (2, 0, 0.0), (6, 2, 0.0)]
SARSA: Return: 0.0, Best Episode: [(0, 0, 0.0), (0, 0, 0.0), (0, 0, 0.0), (4, 0, 0.0), (8, 1, 0.0), (8, 1, 0.0), (9, 2, 0.0), (10, 1, 0.0), (9, 2, 0.0)]
SARSA: Return: 0.7237977205924956, Best Episode: [(0, 0, 0.0), (0, 0, 0.0), (4, 0, 0.0), (4, 0, 0.0), (4, 0, 0.0), (4, 0, 0.0), (0, 0, 0.0), (4, 0, 0.0), (8, 3, 0.0), (4, 0, 0.0), (8, 3, 0.0), (8, 3, 0.0), (8, 3, 0.0), (9, 1, 0.0), (13, 2, 0.0), (14, 1, 0.0), (14, 1, 1.0)]
SARSA: Return: 0.0, Best Episode: [(0, 0, 0.0), (0, 0, 0.0), (4, 0, 0.0), (0, 0, 0.0), (4, 0, 0.0), (8, 1, 0.0)]
SARSA: Return: 0.0, Best Episode: [(0, 0, 0.0), (4, 0, 0.0), (8, 3, 0.0), (8, 3, 0.0), (8, 3, 0.0), (8, 3, 0.0), (8, 3, 0.0), (9, 1, 0.0), (10, 1, 0.0)]

Q-Learning: Return: 0.0, Best Episode: [(0, 0, 0.0), (4, 0, 0.0), (8, 3, 0.0), (4, 0, 0.0), (8, 3, 0.0), (9, 1, 0.0), (8, 3, 0.0), (4, 0, 0.0), (4, 0, 0.0), (0, 0, 0.0), (0, 0, 0.0), (0, 0, 0.0), (4, 0, 0.0), (8, 3, 0.0), (4, 0, 0.0), (8, 3, 0.0), (8, 3, 0.0), (4, 0, 0.0), (0, 0, 0.0), (0, 0, 0.0), (0, 0, 0.0), (0, 0, 0.0), (4, 0, 0.0), (0, 0, 0.0), (0, 0, 0.0), (0, 0, 0.0), (0, 0, 0.0), (0, 0, 0.0), (4, 0, 0.0), (4, 0, 0.0), (0, 0, 0.0), (4, 0, 0.0), (4, 0, 0.0), (4, 0, 0.0), (4, 0, 0.0), (4, 0, 0.0), (4, 0, 0.0), (4, 0, 0.0), (8, 3, 0.0), (9, 1, 0.0), (8, 3, 0.0), (4, 0, 0.0), (8, 3, 0.0), (4, 0, 0.0), (4, 0, 0.0), (4, 0, 0.0), (0, 0, 0.0), (4, 0, 0.0), (8, 3, 0.0), (4, 0, 0.0), (4, 0, 0.0), (4, 0, 0.0), (4, 0, 0.0), (8, 3, 0.0), (4, 0, 0.0), (4, 0, 0.0), (4, 0, 0.0), (4, 0, 0.0), (4, 0, 0.0), (4, 0, 0.0), (0, 0, 0.0), (4, 0, 0.0), (0, 0, 0.0), (0, 0, 0.0), (4, 0, 0.0), (0, 0, 0.0), (0, 0, 0.0), (0, 0, 0.0), (4, 0, 0.0), (0, 0, 0.0), (4, 0, 0.0), (4, 0, 0.0), (4, 0, 0.0), (4, 0, 0.0), (4, 0, 0.0), (8, 3, 0.0), (4, 0, 0.0), (8, 3, 0.0), (8, 3, 0.0), (4, 0, 0.0), (0, 0, 0.0), (0, 0, 0.0), (4, 0, 0.0), (4, 0, 0.0), (4, 0, 0.0), (0, 0, 0.0), (0, 0, 0.0), (0, 0, 0.0), (0, 0, 0.0), (0, 0, 0.0), (4, 0, 0.0), (8, 3, 0.0), (9, 1, 0.0), (8, 3, 0.0), (4, 0, 0.0), (4, 0, 0.0), (0, 0, 0.0), (4, 0, 0.0), (8, 3, 0.0), (9, 1, 0.0)]
Q-Learning: Return: 0.0, Best Episode: [(0, 1, 0.0), (0, 1, 0.0), (1, 3, 0.0), (2, 0, 0.0), (6, 0, 0.0)]
Q-Learning: Return: 0.0, Best Episode: [(0, 0, 0.0), (0, 0, 0.0), (4, 0, 0.0), (8, 3, 0.0), (9, 1, 0.0), (13, 2, 0.0), (14, 2, 0.0), (10, 0, 0.0), (6, 0, 0.0), (2, 0, 0.0), (6, 0, 0.0)]
Q-Learning: Return: 0.0, Best Episode: [(0, 2, 0.0), (1, 3, 0.0), (1, 3, 0.0), (2, 0, 0.0), (6, 0, 0.0)]
Q-Learning: Return: 0.0, Best Episode: [(0, 0, 0.0), (0, 0, 0.0), (0, 0, 0.0), (0, 0, 0.0), (4, 0, 0.0), (8, 3, 0.0), (4, 0, 0.0), (4, 0, 0.0), (8, 3, 0.0), (8, 3, 0.0), (9, 1, 0.0), (8, 3, 0.0), (4, 0, 0.0), (4, 0, 0.0), (4, 0, 0.0), (8, 3, 0.0), (8, 3, 0.0), (8, 3, 0.0), (9, 1, 0.0), (10, 0, 0.0), (6, 0, 0.0)]

Taxi-v3

MC: Return: 6.051194552485715, Best Episode: [(168, 0, -1), (268, 3, -1), (248, 3, -1), (228, 3, -1), (208, 0, -1), (308, 0, -1), (408, 4, -1), (416, 1, -1), (316, 1, -1), (216, 1, -1), (116, 1, -1), (16, 5, 20)]
MC: Return: 10.768787327270399, Best Episode: [(493, 3, -1), (473, 4, -1), (477, 1, -1), (377, 1, -1), (277, 2, -1), (297, 1, -1), (197, 1, -1), (97, 5, 20)]
MC: Return: -43.36902220526232, Best Episode: [(429, 0, -1), (429, 0, -1), (429, 0, -1), (429, 0, -1), (429, 0, -1), (429, 0, -1), (429, 0, -1), (429, 0, -1), (429, 0, -1), (429, 0, -1), (429, 0, -1), (429, 0, -1), (429, 0, -1), (429, 0, -1), (429, 0, -1), (429, 0, -1), (429, 0, -1), (429, 0, -1), (429, 0, -1), (429, 0, -1), (429, 0, -1), (429, 0, -1), (429, 0, -1), (429, 0, -1), (429, 0, -1), (429, 0, -1), (429, 0, -1), (429, 0, -1), (429, 0, -1), (429, 0, -1), (429, 0, -1), (429, 0, -1), (429, 0, -1), (429, 0, -1), (429, 0, -1), (429, 0, -1), (429, 0, -1), (429, 0, -1), (429, 0, -1), (429, 0, -1), (429, 0, -1), (429, 0, -1), (429, 0, -1), (429, 0, -1), (429, 0, -1), (429, 0, -1), (429, 0, -1), (429, 0, -1), (429, 0, -1), (429, 0, -1), (429, 0, -1), (429, 0, -1), (429, 0, -1), (429, 0, -1), (429, 0, -1), (429, 0, -1), (429, 0, -1), (429, 0, -1), (429, 0, -1), (429, 0, -1), (429, 0, -1), (429, 0, -1), (429, 0, -1), (429, 0, -1), (429, 0, -1), (429, 0, -1), (429, 0, -1), (429, 0, -1), (429, 0, -1), (429, 0, -1), (429, 0, -1), (429, 0, -1), (429, 0, -1), (429, 0, -1), (429, 0, -1), (429, 0, -1), (429, 0, -1), (429, 0, -1), (429, 0, -1), (429, 0, -1), (429, 0, -1), (429, 0, -1), (429, 0, -1), (429, 0, -1), (429, 0, -1), (429, 0, -1), (429, 0, -1), (429, 0, -1), (429, 0, -1), (429, 0, -1), (429, 0, -1), (429, 0, -1), (429, 0, -1), (429, 0, -1), (429, 0, -1), (429, 0, -1), (429, 0, -1), (429, 0, -1), (429, 0, -1), (429, 0, -1)]
MC: Return: 1.6998371851782714, Best Episode: [(431, 1, -1), (331, 1, -1), (231, 1, -1), (131, 3, -1), (111, 0, -1), (211, 0, -1), (311, 0, -1), (411, 4, -1), (419, 1, -1), (319, 1, -1), (219, 2, -1), (239, 2, -1), (259, 2, -1), (279, 0, -1), (379, 0, -1), (479, 5, 20)]
MC: Return: 8.362343349110489, Best Episode: [(311, 0, -1), (411, 4, -1), (419, 1, -1), (319, 1, -1), (219, 2, -1), (239, 2, -1), (259, 2, -1), (279, 0, -1), (379, 0, -1), (479, 5, 20)]

SARSA: Return: 4.930170661435998, Best Episode: [(251, 3, -1), (231, 3, -1), (211, 0, -1), (311, 0, -1), (411, 4, -1), (419, 1, -1), (319, 1, -1), (219, 2, -1), (239, 2, -1), (259, 2, -1), (279, 0, -1), (379, 0, -1), (479, 5, 20)]
SARSA: Return: 8.362343349110489, Best Episode: [(248, 3, -1), (228, 3, -1), (208, 0, -1), (308, 0, -1), (408, 4, -1), (416, 1, -1), (316, 1, -1), (216, 1, -1), (116, 1, -1), (16, 5, 20)]
SARSA: Return: -43.36902220526232, Best Episode: [(349, 2, -1), (349, 2, -1), (349, 2, -1), (349, 2, -1), (349, 2, -1), (349, 2, -1), (349, 2, -1), (349, 2, -1), (349, 2, -1), (349, 2, -1), (349, 2, -1), (349, 2, -1), (349, 2, -1), (349, 2, -1), (349, 2, -1), (349, 2, -1), (349, 2, -1), (349, 2, -1), (349, 2, -1), (349, 2, -1), (349, 2, -1), (349, 2, -1), (349, 2, -1), (349, 2, -1), (349, 2, -1), (349, 2, -1), (349, 2, -1), (349, 2, -1), (349, 2, -1), (349, 2, -1), (349, 2, -1), (349, 2, -1), (349, 2, -1), (349, 2, -1), (349, 2, -1), (349, 2, -1), (349, 2, -1), (349, 2, -1), (349, 2, -1), (349, 2, -1), (349, 2, -1), (349, 2, -1), (349, 2, -1), (349, 2, -1), (349, 2, -1), (349, 2, -1), (349, 2, -1), (349, 2, -1), (349, 2, -1), (349, 2, -1), (349, 2, -1), (349, 2, -1), (349, 2, -1), (349, 2, -1), (349, 2, -1), (349, 2, -1), (349, 2, -1), (349, 2, -1), (349, 2, -1), (349, 2, -1), (349, 2, -1), (349, 2, -1), (349, 2, -1), (349, 2, -1), (349, 2, -1), (349, 2, -1), (349, 2, -1), (349, 2, -1), (349, 2, -1), (349, 2, -1), (349, 2, -1), (349, 2, -1), (349, 2, -1), (349, 2, -1), (349, 2, -1), (349, 2, -1), (349, 2, -1), (349, 2, -1), (349, 2, -1), (349, 2, -1), (349, 2, -1), (349, 2, -1), (349, 2, -1), (349, 2, -1), (349, 2, -1), (349, 2, -1), (349, 2, -1), (349, 2, -1), (349, 2, -1), (349, 2, -1), (349, 2, -1), (349, 2, -1), (349, 2, -1), (349, 2, -1), (349, 2, -1), (349, 2, -1), (349, 2, -1), (349, 2, -1), (349, 2, -1), (349, 2, -1)]
SARSA: Return: -43.36902220526232, Best Episode: [(404, 3, -1), (404, 3, -1), (404, 3, -1), (404, 3, -1), (404, 3, -1), (404, 3, -1), (404, 3, -1), (404, 3, -1), (404, 3, -1), (404, 3, -1), (404, 3, -1), (404, 3, -1), (404, 3, -1), (404, 3, -1), (404, 3, -1), (404, 3, -1), (404, 3, -1), (404, 3, -1), (404, 3, -1), (404, 3, -1), (404, 3, -1), (404, 3, -1), (404, 3, -1), (404, 3, -1), (404, 3, -1), (404, 3, -1), (404, 3, -1), (404, 3, -1), (404, 3, -1), (404, 3, -1), (404, 3, -1), (404, 3, -1), (404, 3, -1), (404, 3, -1), (404, 3, -1), (404, 3, -1), (404, 3, -1), (404, 3, -1), (404, 3, -1), (404, 3, -1), (404, 3, -1), (404, 3, -1), (404, 3, -1), (404, 3, -1), (404, 3, -1), (404, 3, -1), (404, 3, -1), (404, 3, -1), (404, 3, -1), (404, 3, -1), (404, 3, -1), (404, 3, -1), (404, 3, -1), (404, 3, -1), (404, 3, -1), (404, 3, -1), (404, 3, -1), (404, 3, -1), (404, 3, -1), (404, 3, -1), (404, 3, -1), (404, 3, -1), (404, 3, -1), (404, 3, -1), (404, 3, -1), (404, 3, -1), (404, 3, -1), (404, 3, -1), (404, 3, -1), (404, 3, -1), (404, 3, -1), (404, 3, -1), (404, 3, -1), (404, 3, -1), (404, 3, -1), (404, 3, -1), (404, 3, -1), (404, 3, -1), (404, 3, -1), (404, 3, -1), (404, 3, -1), (404, 3, -1), (404, 3, -1), (404, 3, -1), (404, 3, -1), (404, 3, -1), (404, 3, -1), (404, 3, -1), (404, 3, -1), (404, 3, -1), (404, 3, -1), (404, 3, -1), (404, 3, -1), (404, 3, -1), (404, 3, -1), (404, 3, -1), (404, 3, -1), (404, 3, -1), (404, 3, -1), (404, 3, -1)]
SARSA: Return: -43.36902220526232, Best Episode: [(349, 0, -1), (449, 3, -1), (429, 0, -1), (429, 0, -1), (429, 0, -1), (429, 0, -1), (429, 0, -1), (429, 0, -1), (429, 0, -1), (429, 0, -1), (429, 0, -1), (429, 0, -1), (429, 0, -1), (429, 0, -1), (429, 0, -1), (429, 0, -1), (429, 0, -1), (429, 0, -1), (429, 0, -1), (429, 0, -1), (429, 0, -1), (429, 0, -1), (429, 0, -1), (429, 0, -1), (429, 0, -1), (429, 0, -1), (429, 0, -1), (429, 0, -1), (429, 0, -1), (429, 0, -1), (429, 0, -1), (429, 0, -1), (429, 0, -1), (429, 0, -1), (429, 0, -1), (429, 0, -1), (429, 0, -1), (429, 0, -1), (429, 0, -1), (429, 0, -1), (429, 0, -1), (429, 0, -1), (429, 0, -1), (429, 0, -1), (429, 0, -1), (429, 0, -1), (429, 0, -1), (429, 0, -1), (429, 0, -1), (429, 0, -1), (429, 0, -1), (429, 0, -1), (429, 0, -1), (429, 0, -1), (429, 0, -1), (429, 0, -1), (429, 0, -1), (429, 0, -1), (429, 0, -1), (429, 0, -1), (429, 0, -1), (429, 0, -1), (429, 0, -1), (429, 0, -1), (429, 0, -1), (429, 0, -1), (429, 0, -1), (429, 0, -1), (429, 0, -1), (429, 0, -1), (429, 0, -1), (429, 0, -1), (429, 0, -1), (429, 0, -1), (429, 0, -1), (429, 0, -1), (429, 0, -1), (429, 0, -1), (429, 0, -1), (429, 0, -1), (429, 0, -1), (429, 0, -1), (429, 0, -1), (429, 0, -1), (429, 0, -1), (429, 0, -1), (429, 0, -1), (429, 0, -1), (429, 0, -1), (429, 0, -1), (429, 0, -1), (429, 0, -1), (429, 0, -1), (429, 0, -1), (429, 0, -1), (429, 0, -1), (429, 0, -1), (429, 0, -1), (429, 0, -1), (429, 0, -1)]

Q-Learning: Return: 2.7549359032431315, Best Episode: [(327, 0, -1), (427, 2, -1), (447, 1, -1), (347, 1, -1), (247, 1, -1), (147, 2, -1), (167, 2, -1), (187, 1, -1), (87, 4, -1), (99, 0, -1), (199, 3, -1), (179, 0, -1), (279, 0, -1), (379, 0, -1), (479, 5, 20)]
Q-Learning: Return: 7.19509648212828, Best Episode: [(274, 0, -1), (374, 0, -1), (474, 4, -1), (478, 1, -1), (378, 1, -1), (278, 3, -1), (258, 3, -1), (238, 3, -1), (218, 0, -1), (318, 0, -1), (418, 5, 20)]
Q-Learning: Return: 4.930170661435998, Best Episode: [(386, 1, -1), (286, 1, -1), (186, 1, -1), (86, 4, -1), (98, 3, -1), (78, 0, -1), (178, 0, -1), (278, 3, -1), (258, 3, -1), (238, 3, -1), (218, 0, -1), (318, 0, -1), (418, 5, 20)]
Q-Learning: Return: 6.051194552485715, Best Episode: [(284, 1, -1), (184, 1, -1), (84, 4, -1), (96, 3, -1), (76, 0, -1), (176, 0, -1), (276, 3, -1), (256, 3, -1), (236, 3, -1), (216, 1, -1), (116, 1, -1), (16, 5, 20)]
Q-Learning: Return: 7.19509648212828, Best Episode: [(123, 3, -1), (103, 1, -1), (3, 4, -1), (19, 0, -1), (119, 0, -1), (219, 2, -1), (239, 2, -1), (259, 2, -1), (279, 0, -1), (379, 0, -1), (479, 5, 20)]
